  2                  (2718)
  2 1752             (2783)
  2 1668             (2828)
  2 1668 8           (2828)
  2 1958             (2914)
  2 880              (2936)
  2 1480             (3014)
  2 1480 8           (3014)
  2 1295             (3045)
  2 2204             (3052)
  2 637              (3057)
  2 1839             (3107)
  2 1821             (3109)
  2 1821 1839        (3107)
  2 2353             (3150)
  2 2353 2277        (3150)
  2 1916             (3228)
  2 1274             (3238)
  2 1870             (3284)
  2 759              (3313)
  2 1100             (3318)
  2 1482             (3341)
  2 1909             (3378)
  2 1909 2204        (3052)
  2 630              (3410)
  2 910              (3445)
  2 2094             (3501)
  2 2094 209         (3501)
  2 1292             (3534)
  2 490              (3535)
  2 490 123          (3324)
  2 1191             (3535)
  2 1236             (3608)
  2 1223             (3621)
  2 432              (3660)
  2 432 1223         (3540)
  2 2225             (3751)
  2 2020             (3804)
  2 2236             (3806)
  2 2236 8           (3806)
  2 1189             (3816)
  2 1189 2316        (3816)
  2 1189 189         (3816)
  2 1189 189 2316    (3816)
  2 1189 8           (3816)
  2 1189 8 2316      (3816)
  2 1189 8 189       (3816)
  2 1189 8 189 2316  (3816)
  2 2018             (3902)
  2 2078             (4050)
  2 2299             (4143)
  2 2277             (4165)
  2 1135             (4185)
  2 751              (4238)
  2 664              (4241)
  2 2270             (4267)
  2 2016             (4309)
  2 1317             (4338)
  2 1317 1324        (3360)
  2 2168             (4341)
  2 678              (4348)
  2 1617             (4467)
  2 445              (4471)
  2 445 8            (3747)
  2 2291             (4555)
  2 2291 8           (3483)
  2 1646             (4612)
  2 1646 2299        (2940)
  2 2356             (4622)
  2 1079             (4776)
  2 1079 2356        (3698)
  2 1245             (4953)
  2 2150             (5075)
  2 530              (5119)
  2 881              (5127)
  2 1007             (5253)
  2 449              (5429)
  2 2316             (5465)
  2 1131             (5567)
  2 1995             (5858)
  2 1995 8           (5439)
  2 298              (5930)
  2 2129             (6115)
  2 304              (6115)
  2 2352             (6137)
  2 2352 8           (3757)
  2 781              (6249)
  2 781 1245         (4953)
  2 781 8            (6249)
  2 781 8 1245       (4953)
  2 355              (6927)
  2 2380             (7141)
  2 2380 97          (4984)
  2 2380 8           (7141)
  2 2380 8 97        (4984)
  2 983              (7375)
  2 219              (7842)
  2 219 8            (5353)
  2 1324             (8000)
  2 1324 8           (4217)
  2 574              (8561)
  2 574 169          (4551)
  2 574 8            (4856)
  2 173              (8896)
  2 169              (9057)
  2 1165             (9678)
  2 1165 8           (6552)
  2 195              (11978)
  2 195 1958         (2914)
  2 195 8            (9305)
  2 195 8 1958       (2914)
  2 189              (12301)
  2 189 2316         (3816)
  2 363              (13718)
  2 2183             (14559)
  2 2183 8           (14559)
  2 407              (15945)
  2 407 8            (9682)
  2 209              (21384)
  2 209 8            (15244)
  2 76               (21649)
  2 123              (23944)
  2 123 1236         (3608)
  2 123 8            (15185)
  2 834              (31535)
  2 834 8            (31535)
  2 97               (47336)
  2 97 2183          (5823)
  2 97 8             (35740)
  2 97 8 2183        (5823)
  2 8                (343555)
  2 8 759            (2775)
  2 8 449            (2786)
  2 8 910            (2796)
  2 8 530            (2881)
  2 8 1079           (2910)
  2 8 1958           (2914)
  2 8 880            (2936)
  2 8 1135           (3018)
  2 8 2204           (3052)
  2 8 1839           (3107)
  2 8 1821           (3109)
  2 8 1821 1839      (3107)
  2 8 1007           (3134)
  2 8 2016           (3147)
  2 8 1870           (3284)
  2 8 664            (3329)
  2 8 1482           (3341)
  2 8 2225           (3369)
  2 8 1909           (3378)
  2 8 1909 2204      (3052)
  2 8 2270           (3378)
  2 8 1131           (3692)
  2 8 2020           (3804)
  2 8 2018           (3902)
  2 8 355            (3902)
  2 8 2078           (4050)
  2 8 2168           (4341)
  2 8 678            (4348)
  2 8 304            (4495)
  2 8 2129           (4888)
  2 8 1245           (4953)
  2 8 881            (5127)
  2 8 2316           (5184)
  2 8 2316 189       (3816)
  2 8 169            (5496)
  2 8 298            (5930)
  2 8 363            (7016)
  2 8 983            (7375)
  2 8 189            (12301)
  2 8 76             (15115)
  1752               (2783)
  1792               (2870)
  1792 2             (2870)
  1516               (2894)
  588                (2907)
  892                (2908)
  892 2375           (2851)
  892 75             (2908)
  892 75 2375        (2851)
  892 8              (2950)
  892 8 2375         (2851)
  892 8 75           (2908)
  892 8 75 2375      (2851)
  892 2              (2950)
  892 2 2375         (2851)
  892 2 75           (2908)
  892 2 75 2375      (2851)
  892 2 8            (2950)
  892 2 8 2375       (2851)
  892 2 8 75         (2908)
  892 2 8 75 2375    (2851)
  1958               (2914)
  1958 8             (2914)
  1350               (2958)
  1354               (2992)
  1668               (3040)
  1668 8             (3040)
  1295               (3045)
  2204               (3052)
  818                (3063)
  1839               (3108)
  1821               (3109)
  1821 1839          (3107)
  1821 8             (3109)
  1821 8 1839        (3107)
  880                (3126)
  880 8              (3129)
  759                (3130)
  2353               (3150)
  840                (3160)
  840 1840           (4302)
  840 2              (4775)
  840 8              (7462)
  840 8 1840         (4302)
  840 8 2            (4775)
  2081               (3171)
  2081 2             (3171)
  2081 8             (3171)
  2081 8 2           (3171)
  196                (3176)
  196 8              (5311)
  196 2              (9133)
  196 2 8            (4422)
  466                (3178)
  466 2              (3560)
  8                  (3202)
  8 1350             (2784)
  8 759              (2861)
  8 588              (2913)
  8 2204             (3052)
  8 1839             (3108)
  8 818              (3125)
  1591               (3209)
  1591 2             (2825)
  219                (3211)
  219 8              (5353)
  1274               (3238)
  1981               (3249)
  1981 8             (3249)
  1981 2             (3249)
  1981 2 8           (3249)
  363                (3252)
  363 8              (7227)
  97                 (3270)
  97 8               (40591)
  1482               (3341)
  1482 8             (3341)
  1916               (3352)
  987                (3358)
  987 2              (2720)
  987 8              (3365)
  987 8 2            (2720)
  613                (3364)
  1909               (3389)
  1909 2204          (3052)
  1909 8             (3389)
  1909 8 2204        (3052)
  1665               (3470)
  2094               (3501)
  637                (3516)
  1292               (3534)
  490                (3534)
  432                (3540)
  746                (3604)
  746 2              (3161)
  1236               (3608)
  1223               (3621)
  1223 432           (3540)
  1870               (3644)
  1870 8             (3644)
  1010               (3655)
  1010 8             (3092)
  1703               (3733)
  1703 1165          (3733)
  1703 2             (3733)
  1703 2 1165        (3733)
  1703 2231          (3733)
  1703 2231 1165     (3733)
  1703 2231 2        (3733)
  1703 2231 2 1165   (3733)
  76                 (3744)
  76 8               (16831)
  2225               (3751)
  2225 8             (3369)
  2020               (3804)
  2020 8             (3804)
  2236               (3806)
  2236 8             (3806)
  1189               (3816)
  1189 8             (3816)
  123                (3816)
  123 490            (3324)
  123 1236           (3608)
  123 8              (15185)
  1705               (3825)
  1705 2             (2869)
  1705 8             (3032)
  834                (3878)
  834 8              (39004)
  2018               (3902)
  2018 8             (3902)
  173                (3921)
  195                (3998)
  195 1958           (2914)
  195 8              (10156)
  195 8 1958         (2914)
  1156               (4045)
  1156 1317          (3056)
  1156 1317 1324     (3056)
  1156 1324          (3183)
  1156 2             (4045)
  1156 2 1317        (3056)
  1156 2 1324        (3183)
  1156 2 1324 1317   (3056)
  2078               (4050)
  2078 8             (4050)
  1480               (4054)
  1480 8             (4054)
  2167               (4075)
  2167 1131          (3974)
  2167 2             (4075)
  2167 2 1131        (3974)
  673                (4102)
  673 2              (3052)
  673 8              (3362)
  751                (4129)
  231                (4132)
  231 1943           (3252)
  231 1703           (3733)
  231 1703 1165      (3733)
  231 1703 116       (3733)
  231 1703 116 1165  (3733)
  231 1189           (3816)
  231 189            (3896)
  231 189 1189       (3816)
  231 189 2316       (3816)
  231 189 2316 1189  (3816)
  231 189 8          (3896)
  231 189 8 1189     (3816)
  231 189 8 2316     (3816)
  231 189 8 2316 1189 (3816)
  231 116            (4300)
  231 116 1165       (4300)
  231 1165           (4300)
  231 21             (4572)
  231 2316           (5465)
  231 2316 1189      (3816)
  231 2231           (9512)
  231 2231 1703      (3733)
  231 2231 1165      (4283)
  231 2231 1165 1703 (3733)
  231 2231 116       (4283)
  231 2231 116 1703  (3733)
  231 2231 116 1165  (4283)
  231 2231 116 1165 1703 (3733)
  231 8              (15022)
  231 8 1189         (3816)
  231 8 2231         (5160)
  231 8 2316         (5184)
  231 8 2316 1189    (3816)
  231 2              (22955)
  231 2 1943         (3252)
  231 2 1703         (3733)
  231 2 1703 116     (3733)
  231 2 1703 1165    (3733)
  231 2 1703 1165 116 (3733)
  231 2 1189         (3816)
  231 2 189          (3896)
  231 2 189 1189     (3816)
  231 2 1165         (4300)
  231 2 1165 116     (4300)
  231 2 116          (4300)
  231 2 21           (4572)
  231 2 2316         (5465)
  231 2 2316 1189    (3816)
  231 2 2316 189     (3816)
  231 2 2316 189 1189 (3816)
  231 2 2231         (9512)
  231 2 2231 1703    (3733)
  231 2 2231 116     (4283)
  231 2 2231 116 1703 (3733)
  231 2 2231 1165    (4283)
  231 2 2231 1165 1703 (3733)
  231 2 2231 1165 116 (4283)
  231 2 2231 1165 116 1703 (3733)
  231 2 8            (15022)
  231 2 8 1189       (3816)
  231 2 8 189        (3896)
  231 2 8 189 1189   (3816)
  231 2 8 2231       (5160)
  231 2 8 2316       (5184)
  231 2 8 2316 1189  (3816)
  231 2 8 2316 189   (3816)
  231 2 8 2316 189 1189 (3816)
  2299               (4143)
  407                (4147)
  407 8              (12537)
  2277               (4165)
  2277 2353          (3150)
  1135               (4238)
  1135 8             (3046)
  2270               (4267)
  2270 8             (3378)
  1840               (4302)
  1840 8             (4302)
  2016               (4309)
  2016 8             (3147)
  2168               (4341)
  2168 8             (4341)
  229                (4461)
  229 1646           (2940)
  229 2299           (4143)
  229 2299 1646      (2940)
  229 99             (4237)
  229 99 1646        (2940)
  229 99 2299        (4143)
  229 99 2299 1646   (2940)
  229 574            (4461)
  229 574 2          (4461)
  229 169            (4461)
  229 169 2          (4461)
  229 169 574        (4461)
  229 169 574 2      (4461)
  229 2291           (4555)
  229 2291 2         (4555)
  229 8              (9772)
  229 8 2291         (3483)
  229 8 2            (9772)
  229 8 2 2291       (3483)
  229 2              (15338)
  229 2 1646         (2940)
  229 2 2299         (4143)
  229 2 2299 1646    (2940)
  229 2 99           (4237)
  229 2 99 1646      (2940)
  229 2 99 2299      (4143)
  229 2 99 2299 1646 (2940)
  169                (4551)
  169 8              (5972)
  2291               (4555)
  2291 8             (3483)
  2356               (4622)
  2356 1079          (3698)
  539                (4627)
  539 2              (4103)
  1317               (4666)
  2123               (4673)
  2123 225           (2745)
  2123 2             (4673)
  2123 2 225         (2745)
  2123 123           (4673)
  2123 123 225       (2745)
  2123 123 2         (4673)
  2123 123 2 225     (2745)
  2123 21            (4673)
  2123 21 225        (2745)
  2123 21 2          (4673)
  2123 21 2 225      (2745)
  2123 21 123        (4673)
  2123 21 123 225    (2745)
  2123 21 123 2      (4673)
  2123 21 123 2 225  (2745)
  111                (4734)
  111 2              (5173)
  2284               (4763)
  2284 8             (4763)
  2284 2             (4763)
  2284 2 8           (4763)
  630                (4764)
  630 8              (3521)
  1646               (4771)
  1646 2299          (2940)
  819                (4797)
  819 2              (3988)
  819 8              (4918)
  819 8 2            (3988)
  445                (4884)
  445 8              (4022)
  951                (4932)
  951 2              (6257)
  951 8              (6271)
  951 8 2            (5712)
  1079               (4944)
  1079 8             (3078)
  1245               (4953)
  1245 8             (4953)
  1191               (4997)
  1100               (5023)
  1100 8             (4012)
  449                (5046)
  449 8              (3294)
  664                (5048)
  664 8              (4259)
  2150               (5075)
  75                 (5100)
  75 1752            (2783)
  75 1084            (2980)
  75 759             (3399)
  75 123             (3754)
  75 751             (4393)
  75 99              (4552)
  75 1012            (7171)
  75 97              (9503)
  75 97 8            (6093)
  75 8               (37975)
  75 8 759           (2861)
  75 8 1084          (2980)
  75 8 99            (3749)
  75 2               (54391)
  75 2 1752          (2783)
  75 2 1084          (2980)
  75 2 759           (3313)
  75 2 123           (3754)
  75 2 751           (4238)
  75 2 99            (4475)
  75 2 1012          (7171)
  75 2 97            (8642)
  75 2 8             (36117)
  75 2 8 759         (2775)
  75 2 8 1084        (2980)
  75 2 8 99          (3730)
  75 2 8 97          (5891)
  910                (5130)
  910 8              (4209)
  1193               (5166)
  1193 8             (3548)
  1193 2             (3957)
  1193 2 8           (3284)
  678                (5185)
  678 8              (5386)
  1007               (5253)
  1007 8             (3134)
  2316               (5465)
  2316 1189          (3816)
  2316 8             (5184)
  2316 8 1189        (3816)
  1131               (5567)
  1131 8             (3692)
  2428               (5635)
  2428 97            (2762)
  2428 2             (5635)
  2428 2 97          (2762)
  2428 8             (5635)
  2428 8 97          (2762)
  2428 8 2           (5635)
  2428 8 2 97        (2762)
  298                (5871)
  298 8              (5930)
  116                (5955)
  116 21             (3178)
  116 1943           (3197)
  116 1703           (3733)
  116 2231           (4283)
  116 2231 1703      (3733)
  116 479            (5951)
  116 426            (6054)
  116 426 8          (3361)
  116 426 479        (5951)
  116 426 479 8      (3353)
  116 1165           (11218)
  116 1165 1703      (3733)
  116 1165 1703 2231 (3733)
  116 1165 2231      (4283)
  116 1165 8         (7618)
  116 8              (11931)
  116 8 479          (3353)
  116 2              (17141)
  116 2 21           (3178)
  116 2 1703         (3733)
  116 2 2231         (4283)
  116 2 2231 1703    (3733)
  116 2 479          (5951)
  116 2 426          (6054)
  116 2 426 8        (3361)
  116 2 426 479      (5951)
  116 2 426 479 8    (3353)
  116 2 1165         (9678)
  116 2 1165 1703    (3733)
  116 2 1165 1703 2231 (3733)
  116 2 1165 2231    (4283)
  116 2 1165 8       (6552)
  116 2 8            (10540)
  116 2 8 479        (3353)
  2398               (6032)
  2398 8             (6032)
  2398 2             (6032)
  2398 2 8           (6032)
  2096               (6107)
  2096 8             (4217)
  2096 2             (6107)
  2096 2 8           (4217)
  2096 209           (6107)
  2096 209 8         (4217)
  2096 209 2         (6107)
  2096 209 2 8       (4217)
  2129               (6115)
  2129 8             (4888)
  304                (6123)
  304 8              (5662)
  2352               (6137)
  2352 8             (3757)
  530                (6193)
  530 8              (3962)
  593                (6207)
  593 209            (3018)
  593 8              (4165)
  593 2              (6213)
  593 2 209          (3018)
  593 2 8            (4076)
  1995               (6273)
  1995 8             (5765)
  508                (6351)
  508 8              (6436)
  508 2              (6436)
  508 2 8            (6436)
  781                (6418)
  781 1245           (4953)
  781 8              (6419)
  781 8 1245         (4953)
  189                (6478)
  189 1189           (3816)
  189 2316           (3816)
  189 2316 1189      (3816)
  189 8              (13345)
  189 8 1189         (3816)
  189 8 2316         (3816)
  189 8 2316 1189    (3816)
  945                (6751)
  945 8              (5230)
  945 2              (6008)
  945 2 8            (4420)
  2407               (6763)
  2407 8             (3673)
  2407 407           (6763)
  2407 407 8         (3673)
  2407 2             (6763)
  2407 2 8           (3673)
  2407 2 407         (6763)
  2407 2 407 8       (3673)
  860                (6777)
  860 426            (4441)
  860 2              (6378)
  860 2 426          (4441)
  860 8              (6930)
  860 8 426          (4441)
  860 8 2            (6378)
  860 8 2 426        (4441)
  2400               (6874)
  2400 225           (3112)
  2400 8             (4209)
  2400 2             (6874)
  2400 2 225         (3112)
  2400 2 8           (4209)
  2232               (6899)
  2232 90            (2813)
  2232 1603          (2852)
  2232 426           (3044)
  2232 1943          (6022)
  2232 1943 90       (2712)
  2232 1943 1603     (2852)
  2232 2             (6899)
  2232 2 90          (2813)
  2232 2 1603        (2852)
  2232 2 426         (3044)
  2232 2 1943        (6022)
  2232 2 1943 90     (2712)
  2232 2 1943 1603   (2852)
  1235               (6910)
  1235 490           (3324)
  1235 90            (3448)
  1235 90 490        (3324)
  1235 8             (4743)
  1235 123           (6910)
  1235 123 490       (3324)
  1235 123 90        (3448)
  1235 123 90 490    (3324)
  1235 123 8         (4743)
  1235 2             (6910)
  1235 2 490         (3324)
  1235 2 90          (3448)
  1235 2 90 490      (3324)
  1235 2 8           (4743)
  1235 2 123         (6910)
  1235 2 123 490     (3324)
  1235 2 123 90      (3448)
  1235 2 123 90 490  (3324)
  1235 2 123 8       (4743)
  983                (6944)
  983 8              (8554)
  355                (7051)
  355 8              (5052)
  2380               (7141)
  2380 97            (4984)
  2380 8             (7141)
  2380 8 97          (4984)
  308                (7205)
  308 2              (6307)
  308 8              (7330)
  308 8 2            (6307)
  881                (7216)
  881 8              (9338)
  574                (7381)
  574 169            (4551)
  574 8              (4856)
  1617               (7559)
  1617 8             (3601)
  209                (7587)
  209 2094           (3501)
  209 8              (15244)
  1012               (7793)
  1012 8             (3047)
  1012 2             (7793)
  1012 2 8           (3047)
  1324               (8000)
  1324 1317          (3360)
  1324 8             (4217)
  396                (8001)
  396 8              (4822)
  396 2              (5402)
  396 2 8            (3600)
  644                (8045)
  644 8              (6114)
  644 2              (7549)
  644 2 8            (5465)
  1407               (8185)
  1407 8             (5099)
  1407 2             (6943)
  1407 2 8           (4071)
  1407 407           (8185)
  1407 407 8         (5099)
  1407 407 2         (6943)
  1407 407 2 8       (4071)
  1182               (8205)
  1182 8             (8205)
  1182 2             (8205)
  1182 2 8           (8205)
  1456               (8234)
  1456 8             (4839)
  1456 2             (6751)
  1456 2 8           (3896)
  762                (8385)
  762 8              (6247)
  762 2              (8473)
  762 2 8            (6247)
  762 76             (8473)
  762 76 8           (6247)
  762 76 2           (8473)
  762 76 2 8         (6247)
  754                (8447)
  754 8              (3164)
  754 1012           (6892)
  754 2              (8306)
  754 2 8            (2846)
  754 2 1012         (6892)
  754 75             (8624)
  754 75 8           (3164)
  754 75 1012        (6892)
  754 75 2           (8306)
  754 75 2 8         (2846)
  754 75 2 1012      (6892)
  1046               (9119)
  1046 8             (6363)
  1046 2             (8165)
  1046 2 8           (5435)
  1825               (9120)
  1825 2204          (3052)
  1825 1909          (3052)
  1825 1909 2204     (3052)
  1825 181           (3052)
  1825 181 2204      (3052)
  1825 181 1909      (3052)
  1825 181 1909 2204 (3052)
  1825 90            (6171)
  1825 90 2204       (3052)
  1825 90 2204 181   (3052)
  1825 90 181        (3052)
  1825 90 1909       (3052)
  1825 90 1909 181   (3052)
  1825 90 1909 2204  (3052)
  1825 90 1909 2204 181 (3052)
  1825 90 2          (6171)
  1825 90 2 181      (3052)
  1825 90 2 2204     (3052)
  1825 90 2 2204 181 (3052)
  1825 90 2 1909     (3052)
  1825 90 2 1909 181 (3052)
  1825 90 2 1909 2204 (3052)
  1825 90 2 1909 2204 181 (3052)
  1825 8             (9120)
  1825 8 2204        (3052)
  1825 8 2204 181    (3052)
  1825 8 181         (3052)
  1825 8 1909        (3052)
  1825 8 1909 181    (3052)
  1825 8 1909 2204   (3052)
  1825 8 1909 2204 181 (3052)
  1825 8 90          (6171)
  1825 8 90 181      (3052)
  1825 8 90 2204     (3052)
  1825 8 90 2204 181 (3052)
  1825 8 90 1909     (3052)
  1825 8 90 1909 181 (3052)
  1825 8 90 1909 2204 (3052)
  1825 8 90 1909 2204 181 (3052)
  1825 8 2           (9120)
  1825 8 2 181       (3052)
  1825 8 2 2204      (3052)
  1825 8 2 2204 181  (3052)
  1825 8 2 1909      (3052)
  1825 8 2 1909 181  (3052)
  1825 8 2 1909 2204 (3052)
  1825 8 2 1909 2204 181 (3052)
  1825 8 2 90        (6171)
  1825 8 2 90 181    (3052)
  1825 8 2 90 2204   (3052)
  1825 8 2 90 2204 181 (3052)
  1825 8 2 90 1909   (3052)
  1825 8 2 90 1909 181 (3052)
  1825 8 2 90 1909 2204 (3052)
  1825 8 2 90 1909 2204 181 (3052)
  1825 2             (9120)
  1825 2 2204        (3052)
  1825 2 2204 181    (3052)
  1825 2 181         (3052)
  1825 2 1909        (3052)
  1825 2 1909 181    (3052)
  1825 2 1909 2204   (3052)
  1825 2 1909 2204 181 (3052)
  99                 (9146)
  99 1646            (3009)
  99 209             (3091)
  99 189             (3349)
  99 189 8           (3349)
  99 2299            (4143)
  99 2299 1646       (2940)
  99 97              (4736)
  99 97 8            (3191)
  99 1995            (6273)
  99 8               (26420)
  99 8 1995          (5765)
  99 2               (36598)
  99 2 1646          (3009)
  99 2 209           (3091)
  99 2 189           (3349)
  99 2 2299          (4143)
  99 2 2299 1646     (2940)
  99 2 97            (4607)
  99 2 1995          (5858)
  99 2 8             (25784)
  99 2 8 97          (3067)
  99 2 8 189         (3349)
  99 2 8 1995        (5439)
  489                (9180)
  489 1245           (2860)
  489 781            (2860)
  489 781 1245       (2860)
  489 2              (9077)
  489 2 1245         (2860)
  489 2 781          (2860)
  489 2 781 1245     (2860)
  489 8              (9218)
  489 8 1245         (2860)
  489 8 781          (2860)
  489 8 781 1245     (2860)
  489 8 2            (9077)
  489 8 2 1245       (2860)
  489 8 2 781        (2860)
  489 8 2 781 1245   (2860)
  1594               (9326)
  1594 1215          (3265)
  1594 225           (3829)
  1594 21            (4348)
  1594 21 1215       (3265)
  1594 8             (5461)
  1594 2             (8745)
  1594 2 1215        (3265)
  1594 2 225         (3829)
  1594 2 21          (4348)
  1594 2 21 1215     (3265)
  1594 2 8           (5444)
  1862               (9402)
  1862 2             (9402)
  1862 8             (9402)
  1862 8 2           (9402)
  2231               (9512)
  2231 1165          (4283)
  2231 8             (5160)
  2231 2             (9512)
  2231 2 1165        (4283)
  2231 2 8           (5160)
  1603               (9760)
  1603 8             (4213)
  1603 2             (8995)
  1603 2 8           (3656)
  1264               (9798)
  1264 2380          (2836)
  1264 97            (3621)
  1264 97 8          (3566)
  1264 8             (8585)
  1264 8 2380        (2836)
  1264 2             (9798)
  1264 2 2380        (2836)
  1264 2 97          (3621)
  1264 2 8           (8585)
  1264 2 8 2380      (2836)
  1264 2 8 97        (3566)
  2395               (9880)
  2395 8             (7802)
  2395 2             (9880)
  2395 2 8           (7802)
  2363               (9975)
  2363 8             (4225)
  2363 363           (9975)
  2363 363 8         (4225)
  2363 2             (9975)
  2363 2 8           (4225)
  2363 2 363         (9975)
  2363 2 363 8       (4225)
  1142               (10425)
  1142 8             (4558)
  1142 363           (9505)
  1142 363 8         (3755)
  1142 2363          (9505)
  1142 2363 8        (3755)
  1142 2363 363      (9505)
  1142 2363 363 8    (3755)
  1142 2             (10425)
  1142 2 8           (4558)
  1142 2 363         (9505)
  1142 2 363 8       (3755)
  1142 2 2363        (9505)
  1142 2 2363 8      (3755)
  1142 2 2363 363    (9505)
  1142 2 2363 363 8  (3755)
  2060               (10831)
  2060 8             (3438)
  2060 2             (10831)
  2060 2 8           (3438)
  181                (10962)
  181 195            (3047)
  181 2204           (3052)
  181 2204 1909      (3052)
  181 1909           (3267)
  181 76             (3473)
  181 1215           (3932)
  181 97             (4032)
  181 97 8           (4032)
  181 90             (4827)
  181 90 2204        (3052)
  181 90 1909        (3267)
  181 90 1909 2204   (3052)
  181 225            (10430)
  181 225 1215       (2730)
  181 21             (12955)
  181 21 225         (2730)
  181 21 1215        (3932)
  181 21 1215 225    (2730)
  181 1834           (21025)
  181 1834 21        (4182)
  181 1834 225       (7719)
  181 1834 8         (21025)
  181 1834 8 21      (4182)
  181 1834 8 225     (7719)
  181 834            (21522)
  181 834 21         (4328)
  181 834 225        (7719)
  181 834 1834       (21025)
  181 834 1834 21    (4182)
  181 834 1834 225   (7719)
  181 834 8          (21522)
  181 834 8 21       (4328)
  181 834 8 225      (7719)
  181 834 8 1834     (21025)
  181 834 8 1834 21  (4182)
  181 834 8 1834 225 (7719)
  181 2              (49624)
  181 2 195          (3000)
  181 2 76           (3024)
  181 2 2204         (3052)
  181 2 1909         (3256)
  181 2 1909 2204    (3052)
  181 2 97           (3340)
  181 2 97 8         (3340)
  181 2 1215         (3932)
  181 2 90           (4693)
  181 2 90 2204      (3052)
  181 2 90 1909      (3256)
  181 2 90 1909 2204 (3052)
  181 2 225          (10430)
  181 2 225 1215     (2730)
  181 2 225 21       (2730)
  181 2 225 21 1215  (2730)
  181 2 21           (12955)
  181 2 21 1215      (3932)
  181 2 1834         (17211)
  181 2 1834 21      (4182)
  181 2 1834 225     (7719)
  181 2 1834 8       (17211)
  181 2 1834 8 21    (4182)
  181 2 1834 8 225   (7719)
  181 2 834          (17686)
  181 2 834 21       (4328)
  181 2 834 225      (7719)
  181 2 834 1834     (17211)
  181 2 834 1834 21  (4182)
  181 2 834 1834 225 (7719)
  181 2 834 8        (17686)
  181 2 834 8 21     (4328)
  181 2 834 8 225    (7719)
  181 2 834 8 1834   (17211)
  181 2 834 8 1834 21 (4182)
  181 2 834 8 1834 225 (7719)
  181 2 8            (49624)
  181 2 8 195        (3000)
  181 2 8 76         (3024)
  181 2 8 2204       (3052)
  181 2 8 1909       (3256)
  181 2 8 1909 2204  (3052)
  181 2 8 1215       (3932)
  181 2 8 1215 225   (2730)
  181 2 8 90         (4693)
  181 2 8 90 2204    (3052)
  181 2 8 90 1909    (3256)
  181 2 8 90 1909 2204 (3052)
  181 2 8 225        (10430)
  181 2 8 21         (12955)
  181 2 8 21 225     (2730)
  181 2 8 21 1215    (3932)
  181 2 8 21 1215 225 (2730)
  181 8              (57457)
  181 8 195          (3047)
  181 8 2204         (3052)
  181 8 1909         (3267)
  181 8 1909 2204    (3052)
  181 8 76           (3473)
  181 8 1215         (3932)
  181 8 1215 225     (2730)
  181 8 90           (4827)
  181 8 90 2204      (3052)
  181 8 90 1909      (3267)
  181 8 90 1909 2204 (3052)
  181 8 225          (10430)
  181 8 21           (12955)
  181 8 21 225       (2730)
  181 8 21 1215      (3932)
  181 8 21 1215 225  (2730)
  1165               (11218)
  1165 8             (7618)
  21                 (11401)
  21 1646            (2930)
  21 1336            (3083)
  21 1839            (3107)
  21 1839 1821       (3107)
  21 1821            (3109)
  21 1995            (3204)
  21 1995 99         (3204)
  21 2027            (3335)
  21 76              (3424)
  21 407             (3456)
  21 189             (3589)
  21 426             (3717)
  21 2236            (3806)
  21 195             (3940)
  21 90              (3956)
  21 1131            (3978)
  21 229             (4041)
  21 2167            (4075)
  21 2167 1131       (3974)
  21 489             (4151)
  21 2168            (4341)
  21 209             (4485)
  21 1017            (4549)
  21 2375            (4650)
  21 1834            (4932)
  21 2150            (5075)
  21 114             (5962)
  21 834             (6027)
  21 834 1834        (4932)
  21 2129            (6115)
  21 123             (6691)
  21 123 8           (3969)
  21 219             (7842)
  21 99              (8570)
  21 1084            (8597)
  21 1084 97         (4975)
  21 97              (11047)
  21 75              (11226)
  21 75 97           (3196)
  21 75 2375         (4650)
  21 2183            (14559)
  21 2183 1017       (3854)
  21 2183 97         (5823)
  21 2183 1084       (7561)
  21 2183 1084 97    (4609)
  21 1215            (21139)
  21 8               (93647)
  21 8 229           (2863)
  21 8 1839          (3107)
  21 8 1839 1821     (3107)
  21 8 1821          (3109)
  21 8 1995          (3148)
  21 8 90            (3271)
  21 8 426           (3484)
  21 8 189           (3589)
  21 8 2236          (3806)
  21 8 209           (3835)
  21 8 489           (4151)
  21 8 2375          (4228)
  21 8 2168          (4341)
  21 8 1017          (4405)
  21 8 1017 2183     (3854)
  21 8 2129          (4888)
  21 8 1834          (4932)
  21 8 1834 834      (4932)
  21 8 114           (5090)
  21 8 219           (5353)
  21 8 834           (6027)
  21 8 99            (6459)
  21 8 99 1995       (3148)
  21 8 75            (7295)
  21 8 75 2375       (4228)
  21 8 1084          (8597)
  21 8 1084 97       (4975)
  21 8 1084 2183     (7561)
  21 8 1084 2183 97  (4609)
  21 8 97            (9349)
  21 8 97 2183       (5823)
  21 8 1215          (9593)
  21 8 2183          (14559)
  21 2               (130244)
  21 2 1646          (2930)
  21 2 1336          (3083)
  21 2 1839          (3107)
  21 2 1839 1821     (3107)
  21 2 1839 8        (3107)
  21 2 1839 8 1821   (3107)
  21 2 1821          (3109)
  21 2 1995          (3204)
  21 2 2027          (3335)
  21 2 76            (3424)
  21 2 407           (3456)
  21 2 189           (3589)
  21 2 426           (3717)
  21 2 2236          (3806)
  21 2 195           (3940)
  21 2 90            (3956)
  21 2 90 8          (3271)
  21 2 1131          (3978)
  21 2 229           (4041)
  21 2 2167          (4075)
  21 2 2167 1131     (3974)
  21 2 489           (4151)
  21 2 489 8         (4151)
  21 2 2168          (4341)
  21 2 2168 8        (4341)
  21 2 209           (4485)
  21 2 1017          (4549)
  21 2 1017 2183     (3854)
  21 2 1017 8        (4405)
  21 2 1017 8 2183   (3854)
  21 2 2375          (4650)
  21 2 2375 8        (4228)
  21 2 1834          (4932)
  21 2 2150          (5075)
  21 2 114           (5962)
  21 2 834           (6027)
  21 2 834 1834      (4932)
  21 2 2129          (6115)
  21 2 2129 8        (4888)
  21 2 123           (6691)
  21 2 123 8         (3969)
  21 2 219           (7842)
  21 2 219 8         (5353)
  21 2 99            (8570)
  21 2 99 1995       (3204)
  21 2 99 8          (6459)
  21 2 99 8 1995     (3148)
  21 2 1084          (8597)
  21 2 1084 97       (4975)
  21 2 97            (11047)
  21 2 75            (11226)
  21 2 75 97         (3196)
  21 2 75 2375       (4650)
  21 2 75 8          (7295)
  21 2 75 8 2375     (4228)
  21 2 2183          (14559)
  21 2 2183 97       (5823)
  21 2 2183 1084     (7561)
  21 2 2183 1084 97  (4609)
  21 2 1215          (21139)
  21 2 1215 8        (9593)
  21 2 8             (93647)
  21 2 8 229         (2863)
  21 2 8 1821        (3109)
  21 2 8 1995        (3148)
  21 2 8 426         (3484)
  21 2 8 189         (3589)
  21 2 8 2236        (3806)
  21 2 8 209         (3835)
  21 2 8 1834        (4932)
  21 2 8 114         (5090)
  21 2 8 834         (6027)
  21 2 8 834 1834    (4932)
  21 2 8 1084        (8597)
  21 2 8 1084 97     (4975)
  21 2 8 97          (9349)
  21 2 8 2183        (14559)
  21 2 8 2183 97     (5823)
  21 2 8 2183 1084   (7561)
  21 2 8 2183 1084 97 (4609)
  2202               (11689)
  2202 8             (7715)
  2202 2             (11689)
  2202 2 8           (7715)
  349                (11697)
  349 8              (4924)
  349 363            (9505)
  349 363 8          (3755)
  349 363 114        (9505)
  349 363 114 8      (3755)
  349 114            (9505)
  349 114 8          (3755)
  349 1142           (9505)
  349 1142 8         (3755)
  349 1142 8 114     (3755)
  349 1142 114       (9505)
  349 1142 363       (9505)
  349 1142 363 8     (3755)
  349 1142 363 114   (9505)
  349 1142 363 114 8 (3755)
  349 1142 2363      (9505)
  349 1142 2363 8    (3755)
  349 1142 2363 8 114 (3755)
  349 1142 2363 114  (9505)
  349 1142 2363 363  (9505)
  349 1142 2363 363 8 (3755)
  349 1142 2363 363 114 (9505)
  349 1142 2363 363 114 8 (3755)
  349 2363           (9505)
  349 2363 8         (3755)
  349 2363 8 114     (3755)
  349 2363 114       (9505)
  349 2363 363       (9505)
  349 2363 363 8     (3755)
  349 2363 363 114   (9505)
  349 2363 363 114 8 (3755)
  349 2              (11337)
  349 2 8            (4880)
  349 2 8 114        (3755)
  349 2 8 1142       (3755)
  349 2 8 1142 114   (3755)
  349 2 114          (9505)
  349 2 1142         (9505)
  349 2 1142 114     (9505)
  349 2 363          (9505)
  349 2 363 8        (3755)
  349 2 363 114      (9505)
  349 2 363 114 8    (3755)
  349 2 363 1142     (9505)
  349 2 363 1142 8   (3755)
  349 2 363 1142 114 (9505)
  349 2 363 1142 114 8 (3755)
  349 2 2363         (9505)
  349 2 2363 8       (3755)
  349 2 2363 8 114   (3755)
  349 2 2363 8 1142  (3755)
  349 2 2363 8 1142 114 (3755)
  349 2 2363 114     (9505)
  349 2 2363 1142    (9505)
  349 2 2363 1142 114 (9505)
  349 2 2363 363     (9505)
  349 2 2363 363 8   (3755)
  349 2 2363 363 114 (9505)
  349 2 2363 363 114 8 (3755)
  349 2 2363 363 1142 (9505)
  349 2 2363 363 1142 8 (3755)
  349 2 2363 363 1142 114 (9505)
  349 2 2363 363 1142 114 8 (3755)
  479                (12014)
  479 123            (2772)
  479 8              (7646)
  479 8 123          (2713)
  479 2              (11963)
  479 2 123          (2772)
  479 2 8            (7000)
  479 2 8 123        (2713)
  1017               (12125)
  1017 2183          (3854)
  1017 8             (8866)
  1017 8 2183        (3854)
  1017 2             (10019)
  1017 2 2183        (3854)
  1017 2 8           (7721)
  1017 2 8 2183      (3854)
  1721               (12472)
  1721 324           (2757)
  1721 225           (3293)
  1721 8             (9245)
  1721 8 225         (3166)
  1721 2             (12472)
  1721 2 324         (2757)
  1721 2 225         (3293)
  1721 2 8           (9245)
  1721 2 8 225       (3166)
  1721 21            (12472)
  1721 21 324        (2757)
  1721 21 225        (3293)
  1721 21 8          (9245)
  1721 21 8 225      (3166)
  1721 21 2          (12472)
  1721 21 2 324      (2757)
  1721 21 2 225      (3293)
  1721 21 2 8        (9245)
  1721 21 2 8 225    (3166)
  2399               (12708)
  2399 75            (2961)
  2399 8             (9835)
  2399 8 75          (2961)
  2399 99            (12708)
  2399 99 75         (2961)
  2399 99 8          (9835)
  2399 99 8 75       (2961)
  2399 2             (12708)
  2399 2 75          (2961)
  2399 2 8           (9835)
  2399 2 8 75        (2961)
  2399 2 99          (12708)
  2399 2 99 75       (2961)
  2399 2 99 8        (9835)
  2399 2 99 8 75     (2961)
  708                (12981)
  708 1084           (3213)
  708 97             (5182)
  708 2              (9653)
  708 2 97           (3592)
  708 8              (13012)
  708 8 1084         (3213)
  708 8 97           (5182)
  708 8 2            (9653)
  708 8 2 97         (3592)
  114                (13146)
  114 2363           (9505)
  114 363            (9926)
  114 363 2363       (9505)
  114 1142           (10425)
  114 1142 8         (4558)
  114 1142 2363      (9505)
  114 1142 2363 8    (3755)
  114 1142 363       (9505)
  114 1142 363 8     (3755)
  114 1142 363 2363  (9505)
  114 1142 363 2363 8 (3755)
  114 8              (17555)
  114 8 2363         (3755)
  114 8 363          (4176)
  114 8 363 2363     (3755)
  114 2              (23951)
  114 2 2363         (9505)
  114 2 2363 1142    (9505)
  114 2 363          (9926)
  114 2 363 1142     (9505)
  114 2 363 2363     (9505)
  114 2 363 2363 1142 (9505)
  114 2 1142         (10425)
  114 2 8            (14123)
  114 2 8 2363       (3755)
  114 2 8 363        (4176)
  114 2 8 363 2363   (3755)
  114 2 8 1142       (4558)
  114 2 8 1142 2363  (3755)
  114 2 8 1142 363   (3755)
  114 2 8 1142 363 2363 (3755)
  461                (13280)
  461 2353           (3150)
  461 2277           (3150)
  461 2277 2353      (3150)
  461 304            (3155)
  461 8              (6829)
  461 2              (11776)
  461 2 2353         (3150)
  461 2 2353 2277    (3150)
  461 2 2277         (3150)
  461 2 8            (5374)
  1605               (14142)
  1605 834           (2908)
  1605 1834          (2908)
  1605 1834 834      (2908)
  1605 490           (3324)
  1605 1235          (3324)
  1605 1235 490      (3324)
  1605 90            (3690)
  1605 90 490        (3324)
  1605 90 1235       (3324)
  1605 90 1235 490   (3324)
  1605 90 2          (3690)
  1605 90 2 490      (3324)
  1605 90 2 1235     (3324)
  1605 90 2 1235 490 (3324)
  1605 123           (4426)
  1605 123 490       (3324)
  1605 123 1235      (3324)
  1605 123 1235 490  (3324)
  1605 123 90        (3324)
  1605 123 90 490    (3324)
  1605 123 90 1235   (3324)
  1605 123 90 1235 490 (3324)
  1605 123 2         (4426)
  1605 123 2 490     (3324)
  1605 123 2 1235    (3324)
  1605 123 2 1235 490 (3324)
  1605 123 2 90      (3324)
  1605 123 2 90 490  (3324)
  1605 123 2 90 1235 (3324)
  1605 123 2 90 1235 490 (3324)
  1605 8             (8791)
  1605 8 834         (2908)
  1605 8 1834        (2908)
  1605 8 1834 834    (2908)
  1605 8 2           (6244)
  1605 2             (10989)
  1605 2 490         (3324)
  1605 2 1235        (3324)
  1605 2 1235 490    (3324)
  2027               (14333)
  2027 2380          (2746)
  2027 97            (4996)
  2027 97 8          (3928)
  2027 8             (10230)
  2027 8 2380        (2746)
  2027 2             (14333)
  2027 2 2380        (2746)
  2027 2 97          (4996)
  2027 2 8           (10230)
  2027 2 8 2380      (2746)
  2027 2 8 97        (3928)
  2183               (14559)
  2183 97            (5823)
  2183 8             (14559)
  2183 8 97          (5823)
  1582               (15637)
  1582 2236          (3806)
  1582 479           (4543)
  1582 426           (4543)
  1582 426 479       (4543)
  1582 426 8         (4543)
  1582 426 8 479     (4543)
  1582 21            (6189)
  1582 21 2236       (3806)
  1582 21 8          (6189)
  1582 21 8 2236     (3806)
  1582 8             (15637)
  1582 8 2236        (3806)
  1582 8 479         (4543)
  1582 2             (15637)
  1582 2 2236        (3806)
  1582 2 479         (4543)
  1582 2 426         (4543)
  1582 2 426 479     (4543)
  1582 2 21          (6189)
  1582 2 21 2236     (3806)
  1582 2 8           (15637)
  1582 2 8 2236      (3806)
  1582 2 8 479       (4543)
  1582 2 8 426       (4543)
  1582 2 8 426 479   (4543)
  1582 2 8 21        (6189)
  1582 2 8 21 2236   (3806)
  1126               (16261)
  1126 2375          (2717)
  1126 75            (2823)
  1126 75 2375       (2717)
  1126 75 8          (2823)
  1126 75 8 2375     (2717)
  1126 1084          (6573)
  1126 1097          (6850)
  1126 1097 1084     (4735)
  1126 1097 2183     (5816)
  1126 1097 2183 1084 (4609)
  1126 1097 21       (5942)
  1126 1097 21 1084  (4735)
  1126 1097 21 2183  (5816)
  1126 1097 21 2183 1084 (4609)
  1126 97            (6857)
  1126 97 1084       (4735)
  1126 97 2183       (5823)
  1126 97 2183 1084  (4609)
  1126 97 2183 21    (5823)
  1126 97 2183 21 1084 (4609)
  1126 97 21         (5949)
  1126 97 21 1084    (4735)
  1126 97 8          (6140)
  1126 97 8 1084     (4735)
  1126 97 8 2183     (5823)
  1126 97 8 2183 1084 (4609)
  1126 97 8 21       (5949)
  1126 97 8 21 1084  (4735)
  1126 97 8 21 2183  (5823)
  1126 97 8 21 2183 1084 (4609)
  1126 97 1097       (6850)
  1126 97 1097 1084  (4735)
  1126 97 1097 2183  (5816)
  1126 97 1097 2183 1084 (4609)
  1126 97 1097 2183 21 (5816)
  1126 97 1097 2183 21 1084 (4609)
  1126 97 1097 21    (5942)
  1126 97 1097 21 1084 (4735)
  1126 97 1097 8     (6133)
  1126 97 1097 8 1084 (4735)
  1126 97 1097 8 2183 (5816)
  1126 97 1097 8 2183 1084 (4609)
  1126 97 1097 8 21  (5942)
  1126 97 1097 8 21 1084 (4735)
  1126 97 1097 8 21 2183 (5816)
  1126 97 1097 8 21 2183 1084 (4609)
  1126 2183          (11093)
  1126 2183 1084     (6396)
  1126 2183 21       (11093)
  1126 2183 21 1084  (6396)
  1126 21            (11693)
  1126 21 1084       (6522)
  1126 8             (13537)
  1126 8 2375        (2717)
  1126 8 1097        (6133)
  1126 8 1084        (6573)
  1126 8 1084 1097   (4735)
  1126 8 2183        (11093)
  1126 8 2183 1097   (5816)
  1126 8 2183 1084   (6396)
  1126 8 2183 1084 1097 (4609)
  1126 8 21          (11564)
  1126 8 21 1097     (5942)
  1126 8 21 1084     (6522)
  1126 8 21 1084 1097 (4735)
  1126 8 21 2183     (11093)
  1126 8 21 2183 1097 (5816)
  1126 8 21 2183 1084 (6396)
  1126 8 21 2183 1084 1097 (4609)
  1126 2             (16261)
  1126 2 2375        (2717)
  1126 2 2375 8      (2717)
  1126 2 2375 75     (2717)
  1126 2 2375 75 8   (2717)
  1126 2 75          (2823)
  1126 2 75 8        (2823)
  1126 2 1084        (6573)
  1126 2 1097        (6850)
  1126 2 1097 1084   (4735)
  1126 2 1097 8      (6133)
  1126 2 1097 8 1084 (4735)
  1126 2 97          (6857)
  1126 2 97 1084     (4735)
  1126 2 97 8        (6140)
  1126 2 97 8 1084   (4735)
  1126 2 97 1097     (6850)
  1126 2 97 1097 1084 (4735)
  1126 2 97 1097 8   (6133)
  1126 2 97 1097 8 1084 (4735)
  1126 2 2183        (11093)
  1126 2 2183 1097   (5816)
  1126 2 2183 97     (5823)
  1126 2 2183 97 1097 (5816)
  1126 2 2183 1084   (6396)
  1126 2 2183 1084 1097 (4609)
  1126 2 2183 1084 97 (4609)
  1126 2 2183 1084 97 1097 (4609)
  1126 2 2183 8      (11093)
  1126 2 2183 8 1097 (5816)
  1126 2 2183 8 97   (5823)
  1126 2 2183 8 97 1097 (5816)
  1126 2 2183 8 1084 (6396)
  1126 2 2183 8 1084 1097 (4609)
  1126 2 2183 8 1084 97 (4609)
  1126 2 2183 8 1084 97 1097 (4609)
  1126 2 2183 21     (11093)
  1126 2 2183 21 1097 (5816)
  1126 2 2183 21 97  (5823)
  1126 2 2183 21 97 1097 (5816)
  1126 2 2183 21 1084 (6396)
  1126 2 2183 21 1084 1097 (4609)
  1126 2 2183 21 1084 97 (4609)
  1126 2 2183 21 1084 97 1097 (4609)
  1126 2 2183 21 8   (11093)
  1126 2 2183 21 8 1097 (5816)
  1126 2 2183 21 8 97 (5823)
  1126 2 2183 21 8 97 1097 (5816)
  1126 2 2183 21 8 1084 (6396)
  1126 2 2183 21 8 1084 1097 (4609)
  1126 2 2183 21 8 1084 97 (4609)
  1126 2 2183 21 8 1084 97 1097 (4609)
  1126 2 21          (11693)
  1126 2 21 1097     (5942)
  1126 2 21 97       (5949)
  1126 2 21 97 1097  (5942)
  1126 2 21 1084     (6522)
  1126 2 21 1084 1097 (4735)
  1126 2 21 1084 97  (4735)
  1126 2 21 1084 97 1097 (4735)
  1126 2 21 8        (11564)
  1126 2 21 8 1097   (5942)
  1126 2 21 8 97     (5949)
  1126 2 21 8 97 1097 (5942)
  1126 2 21 8 1084   (6522)
  1126 2 21 8 1084 1097 (4735)
  1126 2 21 8 1084 97 (4735)
  1126 2 21 8 1084 97 1097 (4735)
  1126 2 8           (13537)
  1126 2 8 1084      (6573)
  1989               (16998)
  1989 951           (2851)
  1989 21            (3418)
  1989 2             (15712)
  1989 2 951         (2851)
  1989 2 21          (3418)
  1989 8             (16998)
  1989 8 951         (2851)
  1989 8 21          (3418)
  1989 8 2           (15712)
  1989 8 2 951       (2851)
  1989 8 2 21        (3418)
  1084               (17037)
  1084 2183          (7561)
  1084 2183 97       (4609)
  1084 2183 2        (7561)
  1084 2183 2 97     (4609)
  1084 97            (7598)
  1084 2             (14458)
  1084 2 97          (6207)
  1084 8             (17037)
  1084 8 2183        (7561)
  1084 8 97          (7598)
  1084 8 97 2183     (4609)
  1084 8 2           (14458)
  1084 8 2 97        (6207)
  1084 8 2 2183      (7561)
  1084 8 2 2183 97   (4609)
  1336               (18525)
  1336 8             (8992)
  1336 2             (18114)
  1336 2 8           (8581)
  90                 (18695)
  90 2204            (3052)
  90 1909            (3389)
  90 1909 2204       (3052)
  90 2225            (3499)
  90 490             (3546)
  90 123             (3681)
  90 123 490         (3324)
  90 123 2           (3681)
  90 123 2 490       (3324)
  90 8               (25451)
  90 8 2204          (3052)
  90 8 2225          (3316)
  90 8 1909          (3389)
  90 8 1909 2204     (3052)
  90 8 2             (21121)
  90 8 2 2204        (3052)
  90 8 2 2225        (3316)
  90 8 2 1909        (3378)
  90 8 2 1909 2204   (3052)
  90 2               (29687)
  90 2 2204          (3052)
  90 2 1909          (3378)
  90 2 1909 2204     (3052)
  90 2 2225          (3499)
  90 2 490           (3535)
  324                (19316)
  324 1989           (2851)
  324 1989 951       (2851)
  324 951            (2851)
  324 97             (3129)
  324 1156           (3183)
  324 75             (3330)
  324 1317           (3360)
  324 1317 1156      (3056)
  324 1317 1324      (3360)
  324 1317 1324 1156 (3056)
  324 21             (5891)
  324 1324           (8000)
  324 1324 1156      (3183)
  324 8              (17049)
  324 8 951          (2851)
  324 8 1989         (2851)
  324 8 1989 951     (2851)
  324 8 1324         (4217)
  324 2              (27330)
  324 2 951          (2851)
  324 2 1989         (2851)
  324 2 1989 951     (2851)
  324 2 97           (3129)
  324 2 1156         (3183)
  324 2 75           (3330)
  324 2 1317         (3360)
  324 2 1317 1156    (3056)
  324 2 21           (5891)
  324 2 1324         (8000)
  324 2 1324 1156    (3183)
  324 2 1324 1317    (3360)
  324 2 1324 1317 1156 (3056)
  324 2 1324 8       (4217)
  324 2 8            (17049)
  324 2 8 951        (2851)
  324 2 8 1989       (2851)
  324 2 8 1989 951   (2851)
  2375               (20813)
  2375 1084          (2980)
  2375 97            (5422)
  2375 97 8          (4802)
  2375 8             (16871)
  2375 8 1084        (2980)
  2375 2             (20813)
  2375 2 1084        (2980)
  2375 2 97          (5422)
  2375 2 8           (16871)
  2375 2 8 1084      (2980)
  2375 2 8 97        (4802)
  2375 75            (20813)
  2375 75 1084       (2980)
  2375 75 97         (5422)
  2375 75 97 8       (4802)
  2375 75 8          (16871)
  2375 75 8 1084     (2980)
  2375 75 2          (20813)
  2375 75 2 1084     (2980)
  2375 75 2 97       (5422)
  2375 75 2 8        (16871)
  2375 75 2 8 1084   (2980)
  2375 75 2 8 97     (4802)
  1394               (20842)
  1394 324           (2896)
  1394 75            (3015)
  1394 21            (3095)
  1394 951           (3357)
  1394 951 324       (2851)
  1394 1989          (15134)
  1394 1989 324      (2851)
  1394 1989 951      (2851)
  1394 1989 951 324  (2851)
  1394 8             (19439)
  1394 8 324         (2896)
  1394 8 324 951     (2851)
  1394 8 21          (3028)
  1394 8 951         (3357)
  1394 8 1989        (15134)
  1394 8 1989 951    (2851)
  1394 8 1989 324    (2851)
  1394 8 1989 324 951 (2851)
  1394 2             (19658)
  1394 2 324         (2896)
  1394 2 324 951     (2851)
  1394 2 21          (3095)
  1394 2 951         (3357)
  1394 2 1989        (14040)
  1394 2 1989 951    (2851)
  1394 2 1989 324    (2851)
  1394 2 1989 324 951 (2851)
  1394 2 8           (18260)
  1394 2 8 324       (2896)
  1394 2 8 324 951   (2851)
  1394 2 8 21        (3028)
  1394 2 8 951       (3357)
  1394 2 8 1989      (14040)
  1394 2 8 1989 951  (2851)
  1394 2 8 1989 324  (2851)
  1394 2 8 1989 324 951 (2851)
  1215               (21139)
  1215 8             (9593)
  1215 2             (21139)
  1215 2 8           (9593)
  426                (21461)
  426 123            (2714)
  426 2094           (2739)
  426 209            (3149)
  426 209 2094       (2739)
  426 209 2          (3149)
  426 209 2 2094     (2739)
  426 90             (3966)
  426 90 2           (3966)
  426 479            (9752)
  426 479 123        (2714)
  426 479 2          (9752)
  426 479 2 123      (2714)
  426 8              (15805)
  426 8 123          (2713)
  426 8 479          (6804)
  426 8 479 123      (2713)
  426 8 2            (15805)
  426 8 2 123        (2713)
  426 8 2 479        (6804)
  426 8 2 479 123    (2713)
  426 2              (21722)
  426 2 123          (2714)
  426 2 2094         (2739)
  358                (24403)
  358 1165           (2731)
  358 1165 116       (2731)
  358 116            (2731)
  358 21             (3179)
  358 1336           (4732)
  358 2              (21460)
  358 2 21           (3179)
  358 2 1336         (4321)
  358 8              (25454)
  358 8 1165         (2731)
  358 8 116          (2731)
  358 8 116 1165     (2731)
  358 8 21           (3179)
  358 8 1336         (4732)
  358 8 2            (21460)
  358 8 2 21         (3179)
  358 8 2 1336       (4321)
  547                (25131)
  547 209            (2816)
  547 90             (2975)
  547 2284           (3026)
  547 111            (4309)
  547 21             (4662)
  547 8              (14786)
  547 8 2284         (3026)
  547 8 21           (3068)
  547 2              (22732)
  547 2 90           (2773)
  547 2 209          (2816)
  547 2 2284         (3026)
  547 2 111          (3761)
  547 2 21           (4662)
  547 2 8            (13586)
  547 2 8 2284       (3026)
  547 2 8 21         (3068)
  1680               (29526)
  1680 97            (2813)
  1680 225           (5075)
  1680 1721          (6413)
  1680 1721 225      (3166)
  1680 21            (10007)
  1680 21 225        (4051)
  1680 21 1721       (6413)
  1680 21 1721 225   (3166)
  1680 2             (26282)
  1680 2 225         (5075)
  1680 2 1721        (6413)
  1680 2 1721 225    (3166)
  1680 2 21          (10007)
  1680 2 21 225      (4051)
  1680 2 21 1721     (6413)
  1680 2 21 1721 225 (3166)
  1680 8             (29526)
  1680 8 97          (2813)
  1680 8 225         (5075)
  1680 8 1721        (6413)
  1680 8 1721 225    (3166)
  1680 8 21          (10007)
  1680 8 21 225      (4051)
  1680 8 21 1721     (6413)
  1680 8 21 1721 225 (3166)
  1680 8 2           (26282)
  1680 8 2 225       (5075)
  1680 8 2 1721      (6413)
  1680 8 2 1721 225  (3166)
  1680 8 2 21        (10007)
  1680 8 2 21 225    (4051)
  1680 8 2 21 1721   (6413)
  1680 8 2 21 1721 225 (3166)
  720                (30066)
  720 754            (2754)
  720 754 75         (2754)
  720 2060           (3018)
  720 426            (3052)
  720 426 2          (3052)
  720 75             (3786)
  720 1534           (4460)
  720 1534 1943      (3317)
  720 1534 1603      (3958)
  720 1534 1603 1943 (3249)
  720 1943           (4632)
  720 1603           (5772)
  720 1603 1943      (3704)
  720 1336           (5802)
  720 1336 225       (5802)
  720 1336 2         (5802)
  720 1336 2 225     (5802)
  720 21             (6233)
  720 21 225         (3415)
  720 21 2           (6233)
  720 21 2 225       (3415)
  720 225            (9555)
  720 8              (12211)
  720 8 21           (3104)
  720 8 2            (12211)
  720 8 2 21         (3104)
  720 2              (30265)
  720 2 754          (2754)
  720 2 2060         (3018)
  720 2 75           (3786)
  720 2 75 754       (2754)
  720 2 1534         (4460)
  720 2 1943         (4632)
  720 2 1943 1534    (3317)
  720 2 1603         (5772)
  720 2 1603 1943    (3704)
  720 2 1603 1534    (3958)
  720 2 1603 1534 1943 (3249)
  720 2 225          (9555)
  2339               (33748)
  2339 1274          (3035)
  2339 751           (3347)
  2339 1816          (3376)
  2339 1534          (3801)
  2339 181           (3993)
  2339 181 1816      (3376)
  2339 1943          (4073)
  2339 231           (4099)
  2339 1594          (4388)
  2339 1215          (4491)
  2339 75            (4658)
  2339 75 751        (3347)
  2339 547           (6391)
  2339 225           (7609)
  2339 225 1215      (3289)
  2339 21            (8380)
  2339 21 225        (3289)
  2339 21 1215       (4491)
  2339 21 1215 225   (3289)
  2339 8             (18376)
  2339 8 547         (2934)
  2339 8 225         (3000)
  2339 8 1594        (3000)
  2339 8 1534        (3297)
  2339 8 1816        (3376)
  2339 8 1816 181    (3376)
  2339 8 181         (3993)
  2339 8 21          (4988)
  2339 2             (33748)
  2339 2 1274        (3035)
  2339 2 751         (3347)
  2339 2 1816        (3376)
  2339 2 1534        (3801)
  2339 2 1534 8      (3297)
  2339 2 181         (3993)
  2339 2 181 1816    (3376)
  2339 2 181 8       (3993)
  2339 2 181 8 1816  (3376)
  2339 2 1943        (4073)
  2339 2 231         (4099)
  2339 2 1594        (4388)
  2339 2 1594 8      (3000)
  2339 2 1215        (4491)
  2339 2 1215 225    (3289)
  2339 2 75          (4658)
  2339 2 75 751      (3347)
  2339 2 547         (6391)
  2339 2 547 8       (2934)
  2339 2 225         (7609)
  2339 2 225 8       (3000)
  2339 2 21          (8380)
  2339 2 21 225      (3289)
  2339 2 21 1215     (4491)
  2339 2 21 1215 225 (3289)
  2339 2 21 8        (4988)
  2339 2 8           (18376)
  2339 2 8 1816      (3376)
  1834               (35126)
  1834 2             (28486)
  1834 8             (35126)
  1834 8 2           (28486)
  1834 834           (35126)
  1834 834 2         (28486)
  1834 834 8         (35126)
  1834 834 8 2       (28486)
  1097               (38714)
  1097 2428          (2748)
  1097 324           (2749)
  1097 1264          (3577)
  1097 2027          (4722)
  1097 2380          (4984)
  1097 2375          (5017)
  1097 2375 75       (5017)
  1097 708           (5182)
  1097 2183          (5816)
  1097 2183 1084     (4609)
  1097 2183 21       (5816)
  1097 2183 21 1084  (4609)
  1097 75            (6412)
  1097 21            (7100)
  1097 21 1084       (4975)
  1097 1084          (7592)
  1097 8             (31609)
  1097 8 2428        (2748)
  1097 8 1264        (3566)
  1097 8 2027        (3815)
  1097 8 2375        (4399)
  1097 8 2375 75     (4399)
  1097 8 75          (4924)
  1097 8 2380        (4984)
  1097 8 708         (5182)
  1097 8 2183        (5816)
  1097 8 21          (6927)
  1097 8 21 2183     (5816)
  1097 8 1084        (7592)
  1097 8 1084 2183   (4609)
  1097 8 1084 21     (4975)
  1097 8 1084 21 2183 (4609)
  1097 2             (34734)
  1097 2 2428        (2748)
  1097 2 324         (2749)
  1097 2 1264        (3577)
  1097 2 708         (3592)
  1097 2 2027        (4722)
  1097 2 2380        (4984)
  1097 2 2375        (5017)
  1097 2 2183        (5816)
  1097 2 2183 1084   (4609)
  1097 2 1084        (6201)
  1097 2 75          (6406)
  1097 2 75 2375     (5017)
  1097 2 21          (7100)
  1097 2 21 1084     (4975)
  1097 2 21 2183     (5816)
  1097 2 21 2183 1084 (4609)
  1097 2 8           (28000)
  1097 2 8 2428      (2748)
  1097 2 8 1264      (3566)
  1097 2 8 708       (3592)
  1097 2 8 2027      (3815)
  1097 2 8 2375      (4399)
  1097 2 8 2375 75   (4399)
  1097 2 8 75        (4924)
  1097 2 8 2380      (4984)
  1097 2 8 2183      (5816)
  1097 2 8 1084      (6201)
  1097 2 8 1084 2183 (4609)
  1097 2 8 21        (6927)
  1097 2 8 21 1084   (4975)
  1097 2 8 21 2183   (5816)
  1097 2 8 21 2183 1084 (4609)
  1097 97            (38714)
  1097 97 2428       (2748)
  1097 97 324        (2749)
  1097 97 1264       (3577)
  1097 97 2027       (4722)
  1097 97 2380       (4984)
  1097 97 2375       (5017)
  1097 97 708        (5182)
  1097 97 2183       (5816)
  1097 97 2183 1084  (4609)
  1097 97 2183 21    (5816)
  1097 97 2183 21 1084 (4609)
  1097 97 75         (6412)
  1097 97 75 2375    (5017)
  1097 97 21         (7100)
  1097 97 21 1084    (4975)
  1097 97 1084       (7592)
  1097 97 8          (31609)
  1097 97 8 2428     (2748)
  1097 97 8 1264     (3566)
  1097 97 8 2027     (3815)
  1097 97 8 2375     (4399)
  1097 97 8 2375 75  (4399)
  1097 97 8 75       (4924)
  1097 97 8 2380     (4984)
  1097 97 8 708      (5182)
  1097 97 8 2183     (5816)
  1097 97 8 21       (6927)
  1097 97 8 21 2183  (5816)
  1097 97 8 1084     (7592)
  1097 97 8 1084 2183 (4609)
  1097 97 8 1084 21  (4975)
  1097 97 8 1084 21 2183 (4609)
  1097 97 2          (34734)
  1097 97 2 2428     (2748)
  1097 97 2 324      (2749)
  1097 97 2 1264     (3577)
  1097 97 2 708      (3592)
  1097 97 2 2027     (4722)
  1097 97 2 2380     (4984)
  1097 97 2 2375     (5017)
  1097 97 2 2183     (5816)
  1097 97 2 2183 1084 (4609)
  1097 97 2 1084     (6201)
  1097 97 2 75       (6406)
  1097 97 2 75 2375  (5017)
  1097 97 2 21       (7100)
  1097 97 2 21 1084  (4975)
  1097 97 2 21 2183  (5816)
  1097 97 2 21 2183 1084 (4609)
  1097 97 2 8        (28000)
  1097 97 2 8 2428   (2748)
  1097 97 2 8 1264   (3566)
  1097 97 2 8 708    (3592)
  1097 97 2 8 2027   (3815)
  1097 97 2 8 2375   (4399)
  1097 97 2 8 2375 75 (4399)
  1097 97 2 8 75     (4924)
  1097 97 2 8 2380   (4984)
  1097 97 2 8 2183   (5816)
  1097 97 2 8 1084   (6201)
  1097 97 2 8 1084 2183 (4609)
  1097 97 2 8 21     (6927)
  1097 97 2 8 21 1084 (4975)
  1097 97 2 8 21 2183 (5816)
  1097 97 2 8 21 2183 1084 (4609)
  1816               (42902)
  1816 97            (3004)
  1816 97 8          (3004)
  1816 195           (3047)
  1816 1215          (3630)
  1816 1215 21       (3630)
  1816 1215 8        (3630)
  1816 1215 8 21     (3630)
  1816 1215 2        (3630)
  1816 1215 2 21     (3630)
  1816 1215 2 8      (3630)
  1816 1215 2 8 21   (3630)
  1816 225           (8771)
  1816 225 1834      (6959)
  1816 225 834       (6959)
  1816 225 834 1834  (6959)
  1816 225 8         (8771)
  1816 225 8 1834    (6959)
  1816 225 8 834     (6959)
  1816 225 8 834 1834 (6959)
  1816 225 2         (8771)
  1816 225 2 1834    (6959)
  1816 225 2 834     (6959)
  1816 225 2 834 1834 (6959)
  1816 225 2 8       (8771)
  1816 225 2 8 1834  (6959)
  1816 225 2 8 834   (6959)
  1816 225 2 8 834 1834 (6959)
  1816 21            (9996)
  1816 1834          (20265)
  1816 1834 21       (4182)
  1816 1834 8        (20265)
  1816 1834 8 21     (4182)
  1816 834           (20762)
  1816 834 21        (4328)
  1816 834 1834      (20265)
  1816 834 1834 21   (4182)
  1816 834 8         (20762)
  1816 834 8 21      (4328)
  1816 834 8 1834    (20265)
  1816 834 8 1834 21 (4182)
  1816 2             (36097)
  1816 2 195         (3000)
  1816 2 21          (9996)
  1816 2 1834        (16451)
  1816 2 1834 21     (4182)
  1816 2 834         (16926)
  1816 2 834 21      (4328)
  1816 2 834 1834    (16451)
  1816 2 834 1834 21 (4182)
  1816 2 8           (36097)
  1816 2 8 195       (3000)
  1816 2 8 21        (9996)
  1816 2 8 1834      (16451)
  1816 2 8 1834 21   (4182)
  1816 2 8 834       (16926)
  1816 2 8 834 21    (4328)
  1816 2 8 834 1834  (16451)
  1816 2 8 834 1834 21 (4182)
  1816 8             (42902)
  1816 8 195         (3047)
  1816 8 21          (9996)
  1816 181           (42902)
  1816 181 97        (3004)
  1816 181 97 8      (3004)
  1816 181 195       (3047)
  1816 181 1215      (3630)
  1816 181 225       (8771)
  1816 181 21        (9996)
  1816 181 21 1215   (3630)
  1816 181 1834      (20265)
  1816 181 1834 21   (4182)
  1816 181 1834 225  (6959)
  1816 181 1834 8    (20265)
  1816 181 1834 8 21 (4182)
  1816 181 1834 8 225 (6959)
  1816 181 834       (20762)
  1816 181 834 21    (4328)
  1816 181 834 225   (6959)
  1816 181 834 1834  (20265)
  1816 181 834 1834 21 (4182)
  1816 181 834 1834 225 (6959)
  1816 181 834 8     (20762)
  1816 181 834 8 21  (4328)
  1816 181 834 8 225 (6959)
  1816 181 834 8 1834 (20265)
  1816 181 834 8 1834 21 (4182)
  1816 181 834 8 1834 225 (6959)
  1816 181 2         (36097)
  1816 181 2 195     (3000)
  1816 181 2 1215    (3630)
  1816 181 2 225     (8771)
  1816 181 2 21      (9996)
  1816 181 2 21 1215 (3630)
  1816 181 2 1834    (16451)
  1816 181 2 1834 21 (4182)
  1816 181 2 1834 225 (6959)
  1816 181 2 1834 8  (16451)
  1816 181 2 1834 8 21 (4182)
  1816 181 2 1834 8 225 (6959)
  1816 181 2 834     (16926)
  1816 181 2 834 21  (4328)
  1816 181 2 834 225 (6959)
  1816 181 2 834 1834 (16451)
  1816 181 2 834 1834 21 (4182)
  1816 181 2 834 1834 225 (6959)
  1816 181 2 834 8   (16926)
  1816 181 2 834 8 21 (4328)
  1816 181 2 834 8 225 (6959)
  1816 181 2 834 8 1834 (16451)
  1816 181 2 834 8 1834 21 (4182)
  1816 181 2 834 8 1834 225 (6959)
  1816 181 2 8       (36097)
  1816 181 2 8 195   (3000)
  1816 181 2 8 1215  (3630)
  1816 181 2 8 225   (8771)
  1816 181 2 8 21    (9996)
  1816 181 2 8 21 1215 (3630)
  1816 181 8         (42902)
  1816 181 8 195     (3047)
  1816 181 8 1215    (3630)
  1816 181 8 225     (8771)
  1816 181 8 21      (9996)
  1816 181 8 21 1215 (3630)
  225                (51911)
  225 123            (2837)
  225 123 21         (2837)
  225 123 2          (2837)
  225 123 2 21       (2837)
  225 173            (2952)
  225 2225           (3751)
  225 2225 90        (3499)
  225 2225 2         (3751)
  225 2225 2 90      (3499)
  225 2150           (4005)
  225 90             (4279)
  225 90 2           (4279)
  225 75             (4718)
  225 508            (5882)
  225 508 2          (5882)
  225 834            (8334)
  225 1834           (8334)
  225 1834 834       (8334)
  225 1834 2         (8334)
  225 1834 2 834     (8334)
  225 1336           (13793)
  225 1336 2         (13793)
  225 1215           (18970)
  225 21             (28914)
  225 21 2150        (4005)
  225 21 1215        (18970)
  225 21 2           (28914)
  225 21 2 2150      (4005)
  225 21 2 1215      (18970)
  225 8              (34098)
  225 8 2225         (3369)
  225 8 90           (4006)
  225 8 90 2225      (3316)
  225 8 1336         (4260)
  225 8 508          (5882)
  225 8 1215         (7424)
  225 8 834          (8334)
  225 8 1834         (8334)
  225 8 1834 834     (8334)
  225 8 21           (14866)
  225 8 21 1215      (7424)
  225 8 2            (34098)
  225 8 2 2225       (3369)
  225 8 2 90         (4006)
  225 8 2 90 2225    (3316)
  225 8 2 1336       (4260)
  225 8 2 508        (5882)
  225 8 2 1215       (7424)
  225 8 2 1834       (8334)
  225 8 2 834        (8334)
  225 8 2 834 1834   (8334)
  225 8 2 21         (14866)
  225 8 2 21 1215    (7424)
  225 2              (60390)
  225 2 173          (2952)
  225 2 2150         (4005)
  225 2 75           (4718)
  225 2 834          (8334)
  225 2 1215         (18970)
  1534               (53351)
  1534 76            (2984)
  1534 358           (3084)
  1534 2380          (3448)
  1534 2380 1097     (3448)
  1534 2236          (3806)
  1534 2236 21       (3806)
  1534 2236 8        (3806)
  1534 2236 8 21     (3806)
  1534 116           (4429)
  1534 123           (5343)
  1534 123 1943      (3215)
  1534 1603          (5653)
  1534 1097          (5714)
  1534 2232          (6022)
  1534 2232 1603     (2852)
  1534 75            (7255)
  1534 97            (7397)
  1534 97 75         (3036)
  1534 97 2380       (3448)
  1534 97 1943       (3570)
  1534 97 8          (5106)
  1534 97 8 2380     (3448)
  1534 97 1097       (5714)
  1534 97 1097 2380  (3448)
  1534 97 1097 8     (4772)
  1534 97 1097 8 2380 (3448)
  1534 479           (8389)
  1534 479 116       (3968)
  1534 114           (8625)
  1534 90            (8709)
  1534 90 2232       (2712)
  1534 99            (8916)
  1534 426           (9860)
  1534 426 116       (3968)
  1534 426 1943      (5093)
  1534 426 479       (6598)
  1534 426 479 116   (3968)
  1534 21            (11789)
  1534 1582          (14136)
  1534 1582 2236     (3806)
  1534 1582 426      (4543)
  1534 1582 426 479  (4543)
  1534 1582 479      (4543)
  1534 1582 21       (6189)
  1534 1582 21 2236  (3806)
  1534 1582 8        (14136)
  1534 1582 8 2236   (3806)
  1534 1582 8 479    (4543)
  1534 1582 8 426    (4543)
  1534 1582 8 426 479 (4543)
  1534 1582 8 21     (6189)
  1534 1582 8 21 2236 (3806)
  1534 1943          (29159)
  1534 1943 479      (3846)
  1534 1943 21       (4358)
  1534 1943 1603     (4944)
  1534 1943 75       (5132)
  1534 1943 114      (5538)
  1534 1943 2232     (6022)
  1534 1943 2232 1603 (2852)
  1534 1943 99       (7221)
  1534 1943 90       (7619)
  1534 1943 90 2232  (2712)
  1534 8             (39143)
  1534 8 76          (2842)
  1534 8 358         (3084)
  1534 8 2380        (3448)
  1534 8 123         (3916)
  1534 8 99          (4732)
  1534 8 1097        (4772)
  1534 8 1097 2380   (3448)
  1534 8 75          (5021)
  1534 8 90          (5207)
  1534 8 479         (5280)
  1534 8 114         (5434)
  1534 8 426         (6443)
  1534 8 426 479     (5110)
  1534 8 21          (10462)
  1534 8 1943        (15121)
  1534 8 1943 75     (2903)
  1534 8 1943 99     (3052)
  1534 8 1943 21     (3053)
  1534 8 1943 90     (4117)
  1534 2             (46586)
  1534 2 76          (2939)
  1534 2 2380        (3448)
  1534 2 2380 1097   (3448)
  1534 2 2380 1097 8 (3448)
  1534 2 2380 8      (3448)
  1534 2 2380 97     (3448)
  1534 2 2380 97 8   (3448)
  1534 2 2380 97 1097 (3448)
  1534 2 2380 97 1097 8 (3448)
  1534 2 2236        (3806)
  1534 2 2236 8      (3806)
  1534 2 2236 21     (3806)
  1534 2 2236 21 8   (3806)
  1534 2 116         (3988)
  1534 2 116 479     (3968)
  1534 2 116 426     (3968)
  1534 2 116 426 479 (3968)
  1534 2 1097        (4840)
  1534 2 123         (5343)
  1534 2 1603        (5619)
  1534 2 90          (5882)
  1534 2 90 2232     (2712)
  1534 2 90 8        (2933)
  1534 2 2232        (6022)
  1534 2 2232 1603   (2852)
  1534 2 97          (6025)
  1534 2 97 8        (4397)
  1534 2 97 1097     (4840)
  1534 2 97 1097 8   (4063)
  1534 2 75          (6459)
  1534 2 75 8        (4887)
  1534 2 114         (7679)
  1534 2 479         (8016)
  1534 2 99          (8139)
  1534 2 426         (9860)
  1534 2 426 8       (6443)
  1534 2 426 479     (6598)
  1534 2 426 479 8   (5110)
  1534 2 21          (11789)
  1534 2 21 8        (10462)
  1534 2 1582        (14136)
  1534 2 1582 2236   (3806)
  1534 2 1582 426    (4543)
  1534 2 1582 426 479 (4543)
  1534 2 1582 479    (4543)
  1534 2 1582 21     (6189)
  1534 2 1582 21 2236 (3806)
  1534 2 1582 8      (14136)
  1534 2 1582 8 2236 (3806)
  1534 2 1582 8 479  (4543)
  1534 2 1582 8 426  (4543)
  1534 2 1582 8 426 479 (4543)
  1534 2 1582 8 21   (6189)
  1534 2 1582 8 21 2236 (3806)
  1534 2 1943        (24305)
  1534 2 1943 123    (3215)
  1534 2 1943 479    (3473)
  1534 2 1943 75     (4336)
  1534 2 1943 21     (4358)
  1534 2 1943 21 8   (3053)
  1534 2 1943 1603   (4910)
  1534 2 1943 114    (5017)
  1534 2 1943 426    (5093)
  1534 2 1943 90     (5446)
  1534 2 1943 2232   (6022)
  1534 2 1943 2232 90 (2712)
  1534 2 1943 2232 1603 (2852)
  1534 2 1943 99     (6444)
  1534 2 1943 99 8   (2904)
  1534 2 1943 8      (12372)
  1534 2 1943 8 75   (2769)
  1534 2 8           (34489)
  1534 2 8 76        (2797)
  1534 2 8 123       (3916)
  1534 2 8 1097      (4063)
  1534 2 8 99        (4584)
  1534 2 8 114       (4647)
  1534 2 8 479       (5149)
  1943               (54430)
  1943 1605          (2722)
  1943 76            (2914)
  1943 2399          (3043)
  1943 2202          (3252)
  1943 1834          (3807)
  1943 834           (3807)
  1943 834 1834      (3807)
  1943 123           (3895)
  1943 123 2         (3895)
  1943 479           (4013)
  1943 97            (5228)
  1943 426           (5292)
  1943 426 2         (5292)
  1943 1603          (5399)
  1943 1603 2        (5365)
  1943 114           (6827)
  1943 75            (8499)
  1943 99            (8910)
  1943 99 2399       (3043)
  1943 90            (11457)
  1943 90 2          (9067)
  1943 21            (11765)
  1943 21 2          (11765)
  1943 8             (26477)
  1943 8 75          (3274)
  1943 8 114         (3444)
  1943 8 1834        (3807)
  1943 8 834         (3807)
  1943 8 834 1834    (3807)
  1943 8 99          (4292)
  1943 8 90          (6198)
  1943 8 90 2        (4361)
  1943 8 21          (6670)
  1943 8 21 2        (6670)
  1943 8 2           (23263)
  1943 8 2 114       (2973)
  1943 8 2 75        (3140)
  1943 8 2 1834      (3207)
  1943 8 2 834       (3207)
  1943 8 2 834 1834  (3207)
  1943 8 2 99        (4135)
  1943 2             (47321)
  1943 2 2399        (3043)
  1943 2 1834        (3207)
  1943 2 834         (3207)
  1943 2 834 1834    (3207)
  1943 2 2202        (3252)
  1943 2 97          (3627)
  1943 2 479         (3640)
  1943 2 114         (6197)
  1943 2 75          (7548)
  1943 2 99          (8124)
  1943 2 99 2399     (3043)
